260.4274808657169,7.0743799090385435
259.48570220947266,8.826149291992188
258.64587839126585,10.643756828308105
257.9284634399414,12.505822143554685
257.33666015625,14.430742187499998
256.8930239868164,16.365451049804683
256.5934806060791,18.34605026245117
256.4476428222656,20.336804199218747
256.45551063537596,22.33771286010742
256.61492288589477,24.33044811248779
256.5214453125,26.2798828125
256.25208251953126,28.275930175781248
256.02096908569337,30.227843475341796
255.6265525817871,32.19872970581055
255.381414642334,34.18202438354492
253.81169921875,35.387060546875
252.39740692138673,36.8227702331543
251.25858886718748,38.46170654296875
250.44167167663574,40.27421703338623
250.31999999999996,42.2623542881012
250.32000000000002,44.259698659181595
251.05007892608643,45.94387386322021
252.27893482208248,47.51454799652099
253.01132080078122,49.35954833984374
253.06754333496093,51.35349014282227
252.933037109375,53.33963134765625
252.63,55.32328991889953
252.63,57.32011132836342
252.64787110328675,59.31988826751709
252.64558475494385,61.30639389038085
252.55850646972655,63.30741943359375
252.37174599647523,65.30441310882568
252.06753906249997,67.28859375
251.63002994537354,69.2268553161621
251.71149475097653,70.9668701171875
252.98804931640626,72.51123046875
254.09045852661134,74.06399813652038
255.9236456298828,74.84191204071044
257.9064094543457,75.09422678947448
259.82590148925783,74.59334819793702
261.43995361328126,73.42264938354492
262.70226638793946,71.86928553581238
263.6931768798828,70.12972942352296
263.97304100990294,68.25659090995788
263.7014692783356,66.25691782951355
263.5288248062134,64.27319652557374
263.458208220005,62.27495476484299
263.49779572486875,60.27579829216003
263.65357559204097,58.288513641357426
263.9326654911041,56.305221433639524
264.3377424716949,54.34801280021667
264.87252014160157,52.41827819824219
265.5335728549957,50.53582377433777
266.32090061187745,48.70064952850342
268.15829710006716,48.54456276893616
270.09118864774706,49.040845733881
272.04900397300725,49.4
274.015,49.620000000000005
275.9032373046875,50.261142578125
277.8860400390625,50.5310595703125
279.8703173188865,50.76167161688208
281.8631998105347,50.99328375831246
283.8499991607666,51.22418891906738
285.7611824035644,51.793205718994145
287.707236328125,52.244853515624996
289.68975830078125,52.53908447265624
291.27031005859374,51.8611767578125
292.09232162475587,50.04736358642578
292.462412109375,48.07423828125
292.28444564819335,46.104365539550784
291.4627200317383,44.275424041748046
290.44112335205074,42.55484542846679
289.24771606445313,40.96851257324218
287.3855540370941,40.47626748085022
285.4124751180411,40.231236138939856
283.42983379125593,39.949609625339505
281.45735111653806,39.62754235327243
279.49176009893415,39.25605642557144
277.5277257442474,38.8217697238922
275.59447600364683,38.314175348281864
273.7025732016563,37.71198374032974
271.8421141719818,36.96905121803284
270.06876708984373,36.02644775390625
268.5075,34.7925
267.4264321804047,33.138005304336545
267.255955953598,31.17133675575256
267.9459983825684,29.286856842041015
269.07514467000965,27.653275644779207
270.43729110717777,26.18578872680664
271.9266447615624,24.84733585596085
273.66254196166994,24.1
275.66218477487564,24.1
277.638738591671,24.34828956127167
279.5840509033203,24.767857055664063
281.51883117675777,25.296563110351563
283.4760749816894,25.70375015258789
285.4599634552002,25.976247787475586
287.4127724994719,26.42789580270648
289.3518743743002,26.876373607367277
291.2887707519531,27.285231933593753
292.3745462036133,25.61929626464844
293.818828125,24.22859375
293.83461700439454,22.342832946777346
293.499058303833,20.374371566772464
292.994846496582,18.437779235839844
292.3040344238281,16.571468505859375
291.0923208212853,15.152538415193558
289.1788745808601,14.571820014715195
287.28238479614254,13.996247787475586
285.36551838874817,13.40612844467163
283.43888997077937,12.862432155609131
281.4898565673828,12.372298583984374
279.54512677192685,11.951679744720458
277.56549392700197,11.604671325683594
275.58413406372074,11.353719177246093
273.5875958251953,11.217913818359374
271.8560076904297,10.296541748046875
270.08290222167966,9.350487060546875
268.2669999313354,8.558460006713867
266.357032585144,7.912722091674804
264.427234916687,7.449423141479492
262.45182174682617,7.166083679199218
260.44302691459654,7.070003948211671
#
326.49593704223633,7.3271757507324216
324.9843005466461,8.39
322.97962951660156,8.39
321.1399176025391,9.006758460998535
319.32384826660154,9.834101295471191
317.3909008789062,10.367320709228517
315.413447265625,10.283482055664061
313.7987261962891,9.17126407623291
311.9152734184265,9.837500200271608
311.0899354931712,11.599946367889643
310.3474245262146,13.466907396316529
309.6138862636685,15.311307560056449
308.76520126342774,17.104798736572267
307.43044809147716,18.588194472640755
306.20599516883493,20.176985553056003
304.9877031393163,21.757782555576412
303.76565348533916,23.343455270435662
302.580445356369,24.945787229537963
301.924189453125,26.832211914062505
301.22449380874633,28.714304628372194
300.5290563964844,30.58494323730469
299.86292910575867,32.45967418670654
299.1393249571323,34.33437761783599
298.41783180356026,36.203611912727354
297.69779493525624,38.06907328426838
296.97902525782587,39.931251635551455
296.2605853271484,41.79257568359375
296.87460357666015,43.69675697326661
297.50771484375,45.5990771484375
298.1350228166581,47.48396006703376
298.1274764251709,49.427319374084476
297.827651424408,51.40669716835022
297.6454935264587,53.40140465736389
297.59768821716307,55.40241245269775
297.7016162109375,57.40031494140625
297.9727046966553,59.37096256256104
298.4297873497009,61.319964532852175
299.0816751670837,63.21095055580139
299.9270473480224,65.01303318023682
300.96988059997557,66.72406040191652
302.1864608764648,68.30946182250976
303.55837163925173,69.76340249061585
305.06224632263184,71.08272617340089
306.6700927734375,72.26677978515625
308.3779689788819,73.33349765777588
310.14739990234375,74.25504150390626
312.0999798583984,74.64895080566407
314.1018402099609,74.81830139160157
316.07067040681835,74.65696111559868
317.8857739257813,73.83342651367187
319.68601367950436,72.95392774581909
321.4565484333038,72.02241908550262
323.19520237922666,71.0372847700119
324.89977069854734,69.99688749313354
326.57852368593217,68.89239337801934
328.2078082776069,67.73618842959404
329.7962138867378,66.51967574954031
331.33207595825195,65.24916862487792
332.8321284866333,63.90714292526244
334.267158203125,62.5168310546875
335.63716510772707,61.07823301315307
336.95766232490536,59.57291804790496
338.2115411376953,58.01813201904296
339.405751850605,56.4040608203411
340.53253911018373,54.739920725822444
341.5796148228645,53.04653740763664
342.5608723449707,51.30427726745606
343.4709617996216,49.52414289474487
344.3110726284981,47.70701757311821
345.0778204345703,45.86536346435547
345.7777227783203,43.98904510498047
346.4081422901154,42.09107940196991
346.97137082099914,40.173168292045595
347.46967121124266,38.23699216842652
347.6835395395756,36.266500301361084
347.4885845434666,34.27724996566773
347.21300758361815,32.30047241210938
346.84649210453034,30.321597518920903
346.38775878906245,28.377421875
345.83162432193757,26.472567977905275
345.1590917396545,24.57643646240234
344.3747773599624,22.732451400756837
343.4730790138244,20.945608825683593
342.4580020904541,19.23610717773437
341.3159860992431,17.592269287109374
340.0528427362442,16.032682723999024
338.69092852115625,14.584950790405273
337.21955385684964,13.234836044311523
335.6533176422119,11.993089599609373
333.9951256752014,10.857120056152343
332.2808512353897,9.842476425170897
330.501497592926,8.933411560058593
328.6625622034073,8.125022811889648
326.78861792087554,7.419166488647462
324.93082550048825,26.358267936706543
326.7044143676758,27.261811027526853
328.2533547973632,28.530407829284663
329.5184662628174,30.07620326042175
330.5096170043945,31.804294242858884
331.27392700195315,33.66439987182617
331.84125,35.58171875
332.2538781738282,37.5401042175293
331.9059178733826,39.458312873840335
331.21990140438083,41.33145993232726
330.461950507164,43.180664949417114
329.628443813324,45.00189868927002
328.7219777441025,46.77935193061828
327.7333390569687,48.52147183418274
326.6658534765244,50.213260622024535
325.52452049255373,51.84158279418945
324.2920033836365,53.42454517364502
322.9812658452988,54.93917538642883
321.5998864746094,56.375207519531244
320.13850952148437,57.740930175781244
318.60559936523435,59.02706298828125
317.23547000885014,59.33298614501953
316.4808160400391,57.4855517578125
315.87177826881407,55.57630805969238
315.43087746620176,53.63149909973144
315.1690570449829,51.65133087158203
315.09730988502497,49.648920364379876
315.2203149414063,47.65017578124999
315.17841266632087,45.68016914367675
314.87455554962156,43.70314094543457
314.69500564575196,41.70797637939453
314.6762422561645,39.71487129211425
315.047561044693,37.80718669891357
316.2597409915924,36.21102428436279
317.3359348070622,34.52548373863101
318.3938165283203,32.82245445251465
319.5800303649903,31.216973876953123
320.90217773437496,29.717578125
322.08233825683595,28.1143798828125
323.07751892089846,26.3873095703125
#
361.93242308795453,7.2912174308300015
359.99618174552916,7.731513652801515
358.12646709442134,8.451863937377928
356.40809367179867,9.463381938934326
354.88692322492597,10.759294543266297
353.60835006713864,12.287096862792968
352.5695390772819,13.997913393974304
351.7578738689423,15.829881420135498
351.1478087902069,17.726526775360107
350.7010743594169,19.682147746086123
350.39464384794235,21.666170268058778
350.2069169616699,23.649914245605466
350.11669291496275,25.65034116744995
350.110289580822,27.64928439617157
350.1759324264526,29.65366569519043
350.3037237429619,31.650343241691587
350.48423159599304,33.62679365158081
350.7153616595268,35.62534728527069
350.98652723491193,37.59811415553093
351.1898058700562,39.5695696258545
350.70813045501706,41.51663871765137
350.1126402282714,43.42587371826171
349.3821895980834,45.29230094909668
348.4993309020996,47.08794647216797
347.7425514221191,48.8513345336914
348.0548048400879,50.826368713378905
348.6114210510254,52.7425308227539
349.49494140625,54.546845703125
349.93,56.47663897752762
349.93,58.48718295812606
349.92999999999995,60.47067214727402
349.93,62.485386784076695
350.0311276245117,64.46437637329102
350.16823905944824,66.46776248931884
350.2776549530029,68.46825717926025
350.35347465515133,70.46401676177977
350.3875475311279,72.46413120269776
350.4750183105469,74.41176818847656
351.92640624999996,75.63984374999998
353.8797950744629,76.08172714233397
355.8768165588379,76.00353378295898
357.15219650268557,74.71086029052734
358.22124694824214,73.01883178710938
358.93346084594725,71.17577255249023
359.3268800354004,69.22215805053712
359.82086914062495,67.29131835937498
360.44307754516603,65.37842147827149
361.20712619781494,63.54393215179443
362.13098114013667,62.53963562965393
363.00751708984376,64.327925491333
363.88715911865233,66.12255230903625
365.3441442871094,67.37483116149902
366.81402514457704,68.71097851753235
368.2738203573227,70.01460680365564
370.0735507965088,70.8706465148926
371.82772537350655,71.85613785028457
373.4367650985718,73.00589902877807
375.08695449829105,74.10231880187989
376.91747940063476,74.91920234680175
378.6816040039063,75.87171997070313
380.34242187499996,76.96413085937502
382.0804582977295,77.93080352783203
383.96358154296877,78.57534423828125
385.5934103393555,79.72904327392578
387.2282095336915,80.88626068115235
388.95770019531244,81.81824340820313
390.58549072265623,82.88166687011719
392.4265624237061,83.61238479614256
394.1140683875978,84.69941395431756
395.79707353988664,85.78354385551064
397.46899833083154,86.86053619623185
399.1514975452423,87.94434019088746
401.09714447259904,88.35714314222336
403.07465788453817,88.70611609727145
405.043090057373,89.05348648071289
406.12785692691807,87.3993338881433
407.1995678710938,85.7008634185791
407.32,83.74540033772588
407.1378125,81.83234374999999
405.80499999999995,80.42
404.32288554191587,79.15276933670043
402.74800201416014,77.90783294677733
401.3610791015625,76.48790527343749
400.20486446380613,74.84706978797912
398.5483984375,73.75375976562499
397.06996093749996,72.409619140625
395.67810035705565,71.00333088874817
393.98745250701904,69.94148419380187
392.39875324249266,68.72624781608582
390.63315005302434,67.81588709831237
388.8579388427734,66.98008750915527
387.3497076416016,65.73346252441407
385.5616539001465,64.83551666259767
383.8431732177734,63.78992797851562
382.25361083984376,62.6064697265625
380.7771850585938,61.25322753906251
379.33821183204657,59.888067779541025
377.62137939453123,58.85862976074219
376.0308118057251,57.641964254379275
374.4587109375,56.43228515625
372.93726913452144,55.10905128479004
371.5473022460937,53.68303344726562
370.28727478027344,52.1340298461914
369.1823382568359,50.47129302978516
368.00064270019527,48.88802612304687
366.512818403244,47.54031084060669
368.02329897642136,46.62811900854111
369.7971274089813,45.72223059654236
371.5577752685547,44.76289489746093
373.2723740768433,43.76151363372803
374.9747101974487,42.689783592224124
376.62976320981977,41.5587360739708
378.22526211500167,40.36625882863998
379.7648681139946,39.095922582149505
381.23824963748456,37.73741918027401
382.61785339355464,36.29453552246094
383.8900172305107,34.75639014959335
385.036766898632,33.11135934591293
386.02360764265063,31.370564897060397
386.8224676799774,29.546234197616574
387.41634502410886,27.63544063568115
387.7836093211174,25.668579881191253
387.91808806180956,23.67870841741562
387.82559641838077,21.66682723045349
387.52639704704285,19.70466216087341
387.0373564600945,17.76099752187729
386.36234348297126,15.895425262451171
384.71786660194397,14.745019035339356
383.0489071750641,13.662195854187011
381.33158066749576,12.6369681930542
379.56582940101623,11.676817741394045
377.7754706192016,10.800460662841797
375.9365876102447,10.00208324432373
374.07301590919485,9.298028984069825
372.16081650733946,8.6853763961792
370.22384403228756,8.177992401123046
368.26206604003903,7.78008544921875
366.2874200081825,7.497270612716674
364.2879135513306,7.331055145263671
362.29945763587955,7.285503044128418
365.2847171783447,20.633786087036132
367.1538442993164,21.34353790283203
368.85195960998533,22.39538887023926
369.61232154846186,24.14325325012207
368.60105340957637,25.8260788154602
367.0358850097656,27.067159423828123
365.3181766700745,28.09160722732544
363.5306152963638,28.99356262683868
362.38,28.782813606262206
362.60992645263667,26.803022613525393
362.9359730929136,24.822042268812655
363.260459113121,22.850543873310087
363.58285880565643,20.89172149896622
#
#
#
425.6256355357169,7.1832522511482235
424.08241222381594,8.458776741027831
422.7063090515137,9.882978057861326
421.5107316207886,11.495633125305176
420.56443798065186,13.264055671691894
419.92687755584717,15.147487220764159
420.2734608078003,17.11214908599853
420.85232116699217,19.03073791503906
421.67676681518554,20.853431549072262
422.74452556610106,22.540419044494627
423.5572662305832,24.290863614082337
423.8383562850952,26.258493995666505
424.1659275436402,28.248839635849
424.6366564941406,30.184265747070306
425.0502978515625,32.127023925781245
425.2399560546875,34.112204589843756
425.79406219482416,36.051262054443356
426.2611345672607,37.993690452575684
426.626716003418,39.942608489990235
426.87329956054685,41.928807983398436
427.2187372207641,43.896970443725586
427.8384262943268,45.79429952621461
428.38290298461914,47.71420013427735
428.84570102691646,49.667727890014646
429.21178970336905,51.63439544677735
429.47072513580315,53.60962059020996
429.612298669815,55.60281698226929
429.6229591369629,57.59414642333984
430.10685989379886,59.46875000000001
430.7610675048828,61.3525
431.0392814540863,63.327900838851924
431.389179649353,65.30646968841552
431.8529612731934,67.25071517944335
432.44383728027344,69.16266540527343
433.1646917724609,71.01101989746094
434.03889716148376,72.81697943687439
435.6707304763794,73.43
437.66904296875,73.43
439.09444641113276,72.12446166992187
440.5166387939453,70.70144409179687
441.70792785644534,69.16518035888672
442.54190429687503,67.36851928710936
443.674716796875,65.69988647460937
444.49,63.926166992187504
445.2003271484375,62.209672851562495
445.84734909057613,60.35256179809571
446.4726768112182,58.44586292266846
447.2003874206543,56.586916046142576
448.06233154296876,54.79546142578125
448.7510668945313,55.34407531738281
449.14784973144526,57.29000442504882
449.63579467773434,59.20700210571289
450.35087005615236,61.08176303863525
450.84712402343746,63.02124572753905
451.0709375,64.9981640625
451.4696883392334,66.8196883392334
452.35505859375,68.57517578125
453.25303726196285,70.35653453826903
454.1001861572266,72.16880661010741
454.86863540649415,74.00907299041748
455.671619720459,75.43653144836426
457.2081689071655,74.17754335403443
458.72902614593505,72.85318407058716
460.18467067718507,71.50281297683716
461.61663803100583,70.08388557434081
462.97933895111083,68.63732942581177
464.2976866149902,67.13367378234864
465.55574447631835,65.58626594543458
466.7624212646484,63.978955383300786
467.8928038024902,62.34121284484864
468.9660472106934,60.641270828247066
469.96009017944334,58.90973762512207
470.88303340911864,57.13014039993287
471.72530273437496,55.318364257812505
472.4868981552124,53.47440919876099
473.16781967163087,51.59827522277832
473.76806728363033,49.6899623298645
474.28764099121094,47.74947052001953
474.722880859375,45.7950439453125
475.0759869003296,43.827560138702395
475.6951698303223,41.95043579101562
476.4245528507232,40.08576454162598
477.06540664672855,38.195220947265625
477.61649429321284,36.26208618164062
478.0621777439117,34.32139015197754
478.40197509765625,32.35634765625
478.63133426666263,30.350531311035155
478.739854888916,28.355338134765624
478.7275369644165,26.37076812744141
479.13007110595703,24.43778305053711
479.75131134033205,22.554155120849607
480.265,20.607499999999998
480.6390310668945,18.64422103881836
480.856124343872,16.653572654724123
479.8079005432129,16.704047393798827
478.25671524047846,17.968657989501956
476.87761173248293,19.410977058410644
475.7170265197754,21.036513214111327
474.8090521240234,22.821895751953125
473.77929721832277,24.52210834503174
472.8088106536865,26.21118934631348
471.8132843017578,27.925173263549805
471.1116357421875,29.793134765625
470.33265350341793,31.643491821289064
469.39986206054687,33.407971191406254
468.63087646484377,35.237370605468755
467.86490940093995,37.08811064720154
467.01714645385744,38.89022827148438
466.16389404296876,40.70380859375
465.40565185546876,42.5486962890625
464.51442034244536,44.33115931510925
463.61976318359376,46.1204736328125
462.72084686279294,47.908306274414066
461.84547729492186,49.71982849121094
460.89583465576175,51.472404632568356
459.80827636718755,53.14077880859375
459.07023193359373,52.410927734375
458.3994921875,50.5373828125
457.9262507247924,48.59922107696533
457.3536596679687,46.680910644531245
456.6626873779296,44.80970520019531
455.9309030151367,42.94139129638672
455.2021960449219,41.08602416992187
454.37150604248046,39.263400573730465
454.33230072021485,37.33612823486328
454.57734031677245,35.36284309387207
454.76787376403803,33.358476638793945
454.8925710296631,31.36389656066894
454.9446738243102,29.37151704788208
454.91475486755365,27.37651252746582
454.79047241210935,25.37707153320312
454.5542102050781,23.387543945312498
453.17342864990235,23.026571350097655
451.7584375,24.4415625
449.8888785934448,24.562200508117677
447.8896684265137,24.648866729736326
445.92883544921875,25.06897705078125
444.070732421875,25.803017578125
442.3516522216796,26.80186340332031
440.7639813232422,28.02390930175781
439.77745941162107,29.735081176757813
439.49570590019226,31.54999405860901
440.1509989929199,33.43763198852538
440.6005955123901,35.37894870758056
440.8060546874999,37.3797265625
440.7265757369995,39.37631320953369
440.3451600265503,41.33759098052978
439.67211608886714,43.21055236816406
438.7563436889648,44.805374755859376
438.2929122924804,42.861754455566405
437.96118011474607,40.90151885986328
437.482080078125,38.963901367187496
436.94810035705564,37.066067934036255
436.58000000000004,35.12728710174561
436.21051757812495,33.228125
435.795333480835,31.281754035949707
435.3636337280274,29.323913116455074
435.0301540374756,27.34927539825439
434.83037109375,25.355595703125
434.3195703125,23.426801757812502
433.9816528320312,21.468887023925785
433.62490940093994,19.506798753738405
433.244080889225,17.54573554232717
432.8992303919792,15.572642072290183
432.5555980977416,13.606518661510199
432.2116477012634,11.638575199842455
431.86657485961916,9.664209566116334
430.6376873779297,8.308314208984374
428.7968473815918,7.560191345214843
426.8305424118042,7.188314437866211
#
503.0772385406494,13.004805374145507
502.07896735191343,14.7419544506073
501.08573219299313,16.470340042114255
500.08734058782454,18.207698662132024
499.1597521972656,19.959507446289063
498.5234962758422,21.86114229664206
497.88937172520906,23.756406928915528
497.2552971601859,25.65152216473594
496.6176232158765,27.557395186629147
495.9818124961853,29.457699422836303
495.3479802080989,31.352090543955565
494.55865755081174,33.11247314453126
492.84825071334836,34.15006591796875
491.14169130325314,35.185324707031256
490.0913852059841,36.77628643631936
489.34678530693054,38.65234539985657
488.8513684082031,40.52763145446777
489.05686264038087,42.518356828689576
489.26291654586794,44.514504038095474
488.471865272522,46.333626899719235
487.61996616363524,48.14541065216064
486.8005664157867,49.963653306961056
486.0095407485961,51.799787483215326
485.25296726226804,53.642115364074705
484.527232055664,55.502000122070314
484.0831978447735,57.44171427026391
483.94034240590406,59.43417170712724
483.79760508732875,61.42498167673126
483.65413194866846,63.42605440014974
483.51106553077693,65.4214544391632
483.3676541127264,67.42166632249952
483.2254102051258,69.40559450745583
484.28211063385004,70.99724544525147
485.7497120666503,72.35802474975586
487.400672340393,73.49348354339598
489.221743774414,74.31053161621094
490.79655216336243,73.52140005663037
492.20382805466653,72.1111426486075
493.6174798870087,70.69449579119683
494.73633062765003,69.10363819286228
495.28332603454584,67.17681114196778
495.83028594190256,65.25010914051906
496.37208164259795,63.34159839436412
496.91955719115214,61.413080013114964
497.46825033390894,59.48027257675305
498.01218754215165,57.56421823037788
498.55694294929503,55.64528172492981
499.9948188392818,54.681908543705944
501.95662931188934,54.28775484144687
503.91436238646503,53.894420342445365
505.880221376419,53.49945323944092
507.8524817621708,53.10320001125336
509.69544757843016,52.818748960495
509.37926770210265,54.79764105558395
509.08131164550775,56.779805145263666
508.80845813751216,58.75750864982604
508.5686244583129,60.74264834403992
508.38003234863277,62.73850387573243
508.288151397705,64.74186016082763
508.510205078125,66.71528076171874
509.5611044156551,68.17311022669077
510.3125012493133,70.01228503465651
511.0711303043366,71.86916196584701
511.8255636775493,73.71576923400164
512.6045596313476,75.32542602539063
513.674608707428,73.63460914611817
514.7057328224182,71.9135001373291
515.6871874856948,70.17637994766235
516.6249021339416,68.40882972717284
517.5159277963638,66.61076501846313
518.3508945703506,64.7965061378479
519.1282920074462,62.966009826660155
519.8573017311096,61.09036170959473
520.5187808227538,59.21277954101562
521.1213394927978,57.3043325805664
521.661812992096,55.36493019104003
522.1305361938475,53.42347290039062
522.5302018594741,51.46544916152954
522.8570423316955,49.50533973693848
523.1142733621597,47.514059391021725
523.2965054321289,45.520631103515626
523.403738541603,43.525054874420164
523.4359726905823,41.52733070373535
523.3932078790665,39.52745859146118
523.2754441070556,37.52543853759766
523.0843601226807,35.53590728759766
522.8215862512589,33.55891153335572
522.4859871864319,31.57983009338379
522.0841451120376,29.62802881240845
521.611619644165,27.674203186035157
521.0814428138733,25.762492446899415
520.4837353515625,23.84884765625
519.8292431640625,21.96275390625
519.1151606607436,20.089542179107667
518.3493881988526,18.244027404785157
517.5280532836914,16.411510009765625
517.5803775405884,14.522579866647721
518.0765161132813,12.574202346801759
516.9325574874878,11.344968757629395
515.2389457702636,10.302487335205079
513.6092187499999,9.138281249999999
512.0952848815917,7.836792755126953
510.520655477345,8.02789139866829
508.8671767356991,9.132804251909256
507.1930581824108,10.25150935575366
505.5385521817207,11.357108659744263
503.864423828125,12.4758203125
503.8545401115715,40.78478148818016
504.625551071167,38.945176391601564
505.3982459926605,37.10155342102051
506.1775390625,35.2421875
506.95074768066405,33.3973388671875
507.62126182556153,32.93699958801269
508.11746793610973,34.87241822699085
508.6153018049896,36.81418582811952
509.112667440027,38.75412711456418
509.6054991543293,40.67638414740563
508.32043248414993,41.35572689414025
506.3418591618538,41.51589711546898
504.3392741814256,41.67801113769412
#
539.8840971690416,7.291484815478325
537.9617304992677,7.838478240966797
536.0810761737823,8.5113929271698
534.2602982807159,9.319780683517456
532.494018831253,10.285992994308472
530.8495308303833,11.389024772644042
529.3012019348145,12.660188446044922
527.8897757434845,14.081773557662963
526.6318266677856,15.64150676727295
525.5377436828613,17.32154708862305
524.6207099628448,19.079376325607303
523.9774318885803,20.936841688156132
524.7302600097656,22.799035034179692
525.7501835060119,24.50592547416687
527.08494140625,25.987294921874998
528.726521987915,27.136147270202635
530.5790295410156,27.879728393554686
532.5306884765625,28.23990966796875
534.5334061431885,28.28742931365967
535.1965645217896,29.371724548339845
534.9640730667114,31.35142181396484
534.867890510559,33.350120544433594
534.91,35.35416949033737
534.9100000000001,37.35234939575196
534.9099999999999,39.35439827233552
534.9100000000001,41.346390361785886
534.91,43.3540949845314
534.91,45.34866452362389
534.91,47.355624999999996
534.91,49.34988673448562
534.9337573242186,51.340558166503904
534.9152606201171,53.357851333618164
534.8373730468749,55.33846313476562
534.6859246826172,57.33954566955566
534.4452416992187,59.32857574462891
534.6493432617187,61.29480590820312
534.7588934326172,63.30160430908203
534.5811199951172,65.28353790283204
534.6059658050538,67.24445877075196
534.8612243652343,69.22823486328124
534.9222518920898,71.2330108642578
536.1937732124329,71.54821531295777
537.5217296028137,73.03771009445191
539.1063715362549,74.24771537780761
541.0179523468017,74.80715019226074
542.9138989448547,74.27769895553588
544.432327747345,72.97976819992064
545.6167541694641,71.36687498092651
546.5821910142898,69.62574752330781
547.4099174690247,67.80315504074098
547.87,65.8995115196705
547.87,63.900589350461956
547.7593375957011,61.90489182949066
547.4681578826904,59.91801849365234
547.7618421173096,57.998111419677734
547.87,56.02153594970703
547.8985887145997,54.02132053375244
548.2137351989746,52.051655006408694
548.5753963470459,50.06975894927978
548.9172890472413,48.09768100738525
549.1849551963805,46.12143898963928
549.3647106933594,44.12674377441406
549.4339791107178,42.129849891662595
549.3643783569337,40.13361587524414
549.3574470520019,38.14847045898436
549.9533135986327,36.2381787109375
550.4615813064576,34.29951751708984
550.8709788894653,32.33652435302734
551.1698516845703,30.353374023437496
551.3448028564453,28.378764648437496
551.3880024719238,26.379652099609373
552.2110925674439,25.041944046020507
554.1004800796509,24.354923171997072
555.852505273819,23.396430988311767
557.3965760803222,22.12896514892578
558.6375390625001,20.568203125
559.5222100925446,18.781034717559812
560.057102394104,16.863265457153318
560.2950799942017,14.874694290161132
559.6115233230591,13.208655471801755
557.9939924621582,12.02957061767578
556.3185469055176,10.954197082519533
554.5643910694122,9.981662006378174
552.7588200497627,9.138459248542786
550.8907841873167,8.428363723754883
548.9688542556762,7.863615188598633
547.0224907302855,7.456718215942383
545.0310358905791,7.20590929031372
543.035550661087,7.116359729766845
541.0367985916138,7.183136672973633
#
584.8536333370208,7.073006935119629
583.033384361267,7.87845962524414
581.1597373962403,8.582163696289063
579.2416207504273,9.146256256103516
577.7126800960302,10.372253100275994
576.3085253500938,11.802141692638399
574.9480391258,13.26745713889599
573.6344391798973,14.768788630962371
572.3614794826508,16.318707914352416
571.1431243896484,17.90605651855469
569.9827718520164,19.53145663022995
568.8838713049887,21.195539863109587
567.8499236679077,22.898947257995605
566.8778877967595,24.65483739554882
565.9791838741302,26.45158595085144
565.1628509426116,28.277132596969604
564.4307424300908,30.131816708445548
563.780615196228,32.02894298553467
563.2231979697942,33.94304506003857
562.7556469625233,35.8873176497221
562.3820716136694,37.84879778563976
562.1009023666381,39.8409135055542
561.9168478912114,41.82338069617748
561.825503423214,43.82282368421555
561.8265464782714,45.82546798706055
561.9171575927734,47.81708190917969
562.0951794332266,49.810985862612725
562.3566126918793,51.792732114791875
562.6978277391195,53.76165605723858
563.1152464294432,55.717102508544926
563.6053421014547,57.65842571437359
564.1646395778655,59.584989347457885
564.784664723873,61.48152630567551
565.4363717842101,63.36441523551942
566.1087211799621,65.2494975566864
566.9380933380127,67.07558879852294
567.9460403442383,68.80771896362305
569.1413562774658,70.39246074676514
570.558954334259,71.81232287406921
572.1715760040282,72.9940598678589
573.9510977363586,73.90498805046082
575.8348198127746,74.52936816215515
577.8077355957031,74.89154968261718
579.807255935669,75.01477214813232
581.8104983711243,74.93616419792174
583.7975241136551,74.8906822657585
585.7985522127151,74.86053465604782
587.786953125,74.68417968749999
589.747857685089,74.34154864311219
591.676685256958,73.80800701141358
593.5344995880126,73.0679072189331
595.2881750488282,72.11344421386718
596.9108534431457,70.94527201652527
598.3822180938721,69.57287364959717
599.6611627960206,68.05148113250732
600.7743264770509,66.38014450073243
601.7098548126221,64.61667247772218
601.8909057617187,62.80114501953125
600.2692260742188,61.82813720703125
598.381801071167,62.495716648101805
596.4947686576843,63.13068724155426
594.5607763671875,63.66312133789062
592.6114458465577,64.06102640151978
590.6210344696045,64.30010263442993
588.6137350463868,64.33825294494629
586.6395366668702,64.13455545425415
584.6981261444092,63.643492679595944
582.8587683105469,62.83666412353516
581.2028765678406,61.733623642921444
579.7517351531983,60.36642892837524
578.51513671875,58.787133789062494
577.4923327636719,57.0661343383789
576.6740364837648,55.2605256652832
576.2628867149352,53.29551685333252
575.9314151573182,51.325803718566895
575.6824474096298,49.336353044509885
575.5238727378845,47.34586902618408
575.4603079795837,45.339932136535644
575.4983071136475,43.33678909301758
575.6412519979477,41.353599824905395
575.8940004730225,39.37602737426757
576.2615940618515,37.405798997879025
576.7450567007064,35.45926678657531
577.3420122289658,33.55161793708801
578.0524606466294,31.682852449417112
578.8697333335876,29.866686897277827
579.7987858343124,28.08881779670715
580.8228873252868,26.375515632629394
581.9461856651305,24.712200202941894
583.2892094135284,23.241103687286376
584.8436645507812,21.9965283203125
586.6206817626953,21.06561645507812
588.5507354736328,20.597012939453126
590.5418243408203,20.652823486328124
592.4768963336944,21.186490955352784
594.2662724018097,22.066928882598877
594.2954858398438,23.8586279296875
594.413099975586,25.843582763671876
595.2304779052735,27.653026123046875
596.9475364971162,28.400267448425293
598.9146875,28.66875
600.6453336143493,27.92532855987549
602.2092546224594,26.679577836990354
603.6859837913514,25.333151741027834
605.0359473228455,23.8571040725708
606.1799521446228,22.22619892120361
606.997118010521,20.397336168289186
607.2796759605408,18.422625312805177
606.891199645996,16.47810363769531
605.9203533315658,14.72961308479309
604.5875959539413,13.243580598831176
603.0452171468735,11.973092241287231
601.3754371404648,10.866911897659302
599.6253261566162,9.887979278564455
597.8267580413818,9.011541290283203
596.000760844946,8.219302570819854
594.1302087402344,7.48565673828125
592.2227220916748,7.07
590.2143546628952,7.07
588.2154956680537,7.070000000000001
586.210948214531,7.07
#
619.8255662631989,7.255584535598755
618.5231935119629,8.761562042236328
617.0722784805297,10.135774421691895
615.4607447814941,11.308908233642578
615.0232153320312,13.134802246093749
614.7666723632813,15.121423339843748
614.3458589172363,17.072195892333983
614.1793310546876,19.052338867187505
613.6927416229248,20.98333061218262
613.237109375,22.934443359375003
613.1055700683594,24.92315414428711
612.7271773910522,26.880194473266602
612.4872410583497,28.871849670410153
612.156474609375,30.84228515625
611.85,32.80372038841247
611.5088452148437,34.75197570800781
611.3225756835936,36.746570434570316
610.9859303283691,38.68534698486328
610.5893385314941,40.65028839111328
610.4081347656249,42.630584716796875
610.1160087013245,44.61460757017136
609.822748413086,46.59078002929687
609.5021604919433,48.56011444091797
609.1380804443359,50.53863159179687
608.7263059997558,52.49551483154296
608.2525,54.435
607.694476928711,56.35845581054687
607.6884034049511,58.33154561758042
607.7938805019857,60.33785465478897
607.8989896677435,62.33716516941786
608.003657322973,64.32807759016752
608.42626953125,66.22557861328126
608.79,68.19
609.2011640393735,70.15186879754066
609.6217261600495,72.09754630088806
610.4077508544922,73.38464050292967
612.2321752929688,72.55973388671875
613.802548828125,71.43199401855469
614.5348668979109,69.58276468649507
615.3977915370465,67.76307925343514
616.2471022965015,65.97210198029876
617.1069120967388,64.15898493885993
617.9645871455967,62.350369537323715
618.8207010710239,60.54504614233971
619.0820499420166,58.604497985839835
619.6937351989747,56.71938150405884
620.0597542393208,54.74363433599472
620.3747010360659,52.77466625005007
620.6907172505557,50.79901243358851
621.0076364408433,48.81771343976259
621.6092272186279,47.42420776367187
623.4680322265624,48.1466259765625
625.3114162826539,48.90862716674805
627.2333947372437,49.46525680541992
629.1573040390015,49.98541549682617
631.1125527572631,50.468583221435544
633.0570037746429,50.8932246017456
635.0315578842162,51.25184982299805
636.79,51.7071875
637.0732254028319,53.653912658691404
637.6949328613281,55.55205688476562
638.2052249145509,57.49810943603515
638.5550769805908,59.463039321899416
638.6123046875,61.46015625
638.6100095748901,63.457735748291014
638.7076171875,65.44890625
638.9164496898651,67.4416012954712
639.2458829879761,69.41343154907227
639.7059386730194,71.35739780426026
640.3069267272949,73.26629943847657
641.0787418079376,74.90204268455506
642.3397760784626,73.33327591300011
643.5874922095239,71.78107733085751
644.802349243164,70.19760803222657
645.4136451721191,68.29633682250977
646.2110761260986,66.46311698913576
647.2311242675783,64.75924430847168
647.808488664627,62.83674795150757
648.366708984375,60.92543212890626
649.3397260665894,59.1856402015686
649.9646345901489,57.3002438735962
650.2850512695312,55.320607910156255
650.7914379882812,53.39410400390625
651.5067357635497,51.52510345458984
652.1856526088715,49.65172863006592
652.8694451904297,47.76489990234376
653.23,45.82841236114501
653.23,43.836596679687496
653.23,41.824540529251095
652.568800201416,39.95964736938477
652.3576109409332,38.00120753288269
652.75,36.04924621582031
652.93703125,34.067392578125
653.198095703125,32.07992492675781
653.23,30.092119522094727
653.2971766662598,28.091410980224612
653.6100390624999,26.1246484375
653.7,24.11272735595703
653.7,22.122802734375
653.7,20.13044128417969
653.7,18.123318771868945
653.7,16.119020623806865
653.7,14.120935077350588
653.7,12.125022431463004
653.3596624565125,10.284495105743408
651.7123015594483,9.152175369262695
649.9337147331238,8.253779010772705
648.0117656707764,7.747252273559571
646.0283049774171,7.876308670043945
644.2412794303893,8.76157564163208
642.82875,10.18625
641.7653509330748,11.857634754180907
640.9275005912781,13.684401111602781
641.0201446056366,15.44403525352478
642.1563488769532,17.068398818969726
642.43,19.003476898670197
642.2402912902832,20.983317070007324
642.0106270217896,22.923031158447266
642.0757988452912,24.929781227111818
642.0775365066528,26.925771636962885
642.0110823059082,28.92665588378906
641.8705589008332,30.92784854888916
641.6522344970704,32.90707275390625
641.3489979934693,34.878145904541014
640.9507934570313,36.852587890624996
640.4578643798828,38.79185791015625
639.5033285999298,40.092389059066775
637.51128033638,39.80430823326111
635.5424114966393,39.53365486621857
633.5472776794434,39.26763702392578
631.6587856292725,38.78
629.7867782092095,38.206603890657426
627.9517968749999,37.4114453125
626.0939151620864,36.66796628236771
624.239094672203,35.9307940363884
623.13,34.67998804688454
623.3804112243652,32.72095138549805
623.8344273376464,30.762223358154294
624.1003833007812,28.785847778320313
624.4134106445313,26.803088989257812
624.6584734344483,24.84010688781738
624.99,22.928754348754886
625.2580677795411,20.93703401565552
625.6025463867187,18.973962402343748
626.0383305358887,17.032178802490236
626.3537064743042,15.056351890563965
626.5263547897338,13.057244834899903
626.5335810470581,11.064223289489746
626.0378186035156,9.22936279296875
624.4219815063476,8.045997924804688
622.5674087524415,7.332018432617187
620.5785294342041,7.25
#
670.8054894280433,7.254219133853913
669.4385135269165,8.692934913635254
668.2605185317992,10.315213356018067
667.3412464904785,12.092838287353516
666.7207911682128,13.99339859008789
666.4135035800933,15.964408731460571
666.5914857482909,17.90759719848633
667.4178395080567,19.737354278564453
668.0530140686035,21.625629425048828
669.05055809021,22.89
670.9617712783813,22.407063217163085
672.8371424865722,21.714690856933593
674.74062625885,21.150036849975585
676.7038319396972,20.727327575683596
678.6961231994629,20.481387634277343
680.07,21.044894914627076
679.7706225585938,23.007284545898436
679.310219116211,24.945284271240233
678.9385150146485,26.923647308349608
678.6895678710938,28.906942749023436
678.3902869129181,30.860261964797978
677.7494252109527,32.75695366859436
677.439076154381,34.72451199531555
677.2116011810302,36.7167138671875
676.9850166920386,38.70111697077751
676.7576708984375,40.6921875
676.2602786254882,42.61037155151367
675.9895672069489,44.58235681310296
675.7973884545266,46.57365580096841
675.3414196777344,48.48832191467285
675.102036743164,50.46211486816406
674.9423072814941,52.45033462524414
674.7234491348266,54.437702064514156
674.4292132949829,56.41245059967041
673.4023713302613,57.734265689849856
671.4322068405152,58.05333475112916
669.4254692077637,58.222371597290035
667.4328044128417,58.15437782287597
665.495888671875,57.686040039062505
663.873363494873,56.54474281311035
663.0530802917481,54.75550941467286
661.7925538063049,54.8243924331665
660.1814591217042,55.99840713500977
658.7332608032226,57.38982482910156
657.5271541786194,58.98115299224853
656.6075894165039,60.75147033691406
655.9986074256897,62.65449405670166
655.6929776000976,64.62761779785157
656.6540953183174,66.1256593632698
658.3722981908918,67.11790899962187
660.248477203846,67.80839867353438
662.1293750000001,68.500625
664.015527896881,69.15373519897462
665.8530977630614,69.91320465087891
667.7719839477539,70.50991218566895
669.6973324018717,71.0118046207726
671.640480189696,71.51833691777661
673.5744652586432,72.02248071243986
675.5089048928768,72.52674300143495
677.4438075715303,73.03112599506973
678.5986572265625,74.39295410156248
679.8503125,74.99812499999999
681.8291825580598,74.75581438064575
683.8153942155838,74.47719086766242
685.78390625,74.1819140625
687.785107269287,74.24788833618163
689.7825205993652,74.20322891235351
691.7683055114746,73.98179946899414
693.7231423568726,73.54208408355711
695.0855078124999,72.339296875
695.7562231445313,70.45733886718749
695.9275156784057,68.65585077285768
694.2302598190308,67.59045526504518
692.5978002929687,66.43378540039062
691.0452055358887,65.18013343811035
689.5784648132324,63.81388465881348
688.2341886901855,62.34786354064941
687.0110546875001,60.75587890625
685.9546697998047,59.0740396118164
686.3940295410156,57.12554542541504
686.41,55.1318994140625
686.8118421173095,53.17958198547363
686.925390625,51.178212890625005
687.4052783203125,49.2434912109375
687.8700000000001,47.320380115509025
688.0039964962006,45.32977830886841
688.424296875,43.37719726562499
688.6031373596192,41.38759687423706
688.7828796958923,39.387963383197786
689.128067779541,37.424220409393314
689.34,35.450943069458006
689.9305755898357,33.59025392562151
690.2259862780571,31.611406986713412
690.520176885128,29.64073292016983
690.8157106018066,27.66106185913086
691.1100545212626,25.689360809624198
691.9625697255134,24.362524468898773
693.9663116455079,24.331806030273437
695.9597433185577,24.173168859481812
697.936689453125,23.842255859374998
699.8492050647735,23.27661025047302
701.6273130512237,22.383763799667353
703.1174348449707,21.067397308349605
704.1099818801879,19.325613365173336
704.5067644119263,17.37212306976318
704.1920281982422,15.464541015625
703.1969840621948,13.718682250976562
702.1148046875,12.031875
700.8222134971619,10.57196060180664
698.9030806171893,10.046484194993972
696.935,9.684999999999999
694.9669193828106,9.323515805006025
692.9780401611329,9.324312438964842
690.981220703125,9.3603662109375
689.03625,9.041289062499999
687.0990246582031,8.72
685.1041540050508,8.72
683.1388108825684,8.513651123046875
681.1620959472658,8.276551971435547
679.1544473266601,8.304658317565918
677.1673770141601,8.242299919128417
675.1680041503906,8.07493453979492
673.1939883422851,7.788993034362792
671.2410464477539,7.365264091491699
#
742.0287304592133,5.314938917160034
741.3774999999999,7.187499999999999
739.9521505355835,8.527849464416503
738.82585357666,10.15161376953125
737.6440002441404,11.754267578124999
736.138458557129,13.061672363281248
734.8263722610474,14.498064203262329
733.9251300048828,16.268205566406248
734.1339643859864,18.158023376464843
734.2686450195313,20.1470068359375
733.9878657257557,22.123573039770125
733.6341271495819,24.087432031631472
733.2789464569091,26.059297256469726
732.7209594345092,27.985202827453612
732.3088198852539,29.92214988708496
731.93,31.86342864990234
731.56698969841,33.82204120635986
731.0792791748047,35.77288330078125
730.4677365112304,37.657777557373045
729.9227685546873,39.587370605468756
729.4937364959717,41.54476329803467
728.9522857666016,42.41342864990235
728.11498046875,40.61763916015625
727.4137304687499,38.75295166015625
726.6597614364326,36.89295650288463
725.9844523680024,35.01405861375854
725.3114393384756,33.14154894426465
724.6333256328106,31.25484777331352
723.9584425532818,29.377135103940965
723.2805825912952,27.49113991856575
723.6959931182861,25.619729423522948
724.2359814453124,23.68397216796875
724.5562903594971,21.712733879089356
724.6299758911132,19.710305633544923
724.3407127380372,17.790078125
722.6132079696655,16.78923828125
720.7512517929077,16.04017578125
718.815087852478,15.626738281249999
716.8053442001343,15.59486328125
714.8404012680054,15.95814453125
713.1539410400391,16.9796875
711.607091217041,18.24640625
710.167695465088,19.64546875
708.9720947265625,21.218536987304688
708.2217529296876,23.085864868164062
707.77375,25.023124999999997
707.4884542846679,27.009899444580075
707.342088623047,28.99024719238281
707.3114574432373,30.995218696594236
706.666875,32.84931640625
705.6871874999999,34.597446289062496
705.1200000000001,36.42265954971314
704.9486246061325,38.40573286175728
704.6653604125976,40.38247711181641
704.3816407251359,42.36851492404938
704.0761602401733,44.34303855895996
703.69794921875,46.3038330078125
703.2255946731567,48.25083728790284
702.9436563110352,50.22440582275391
702.92,52.217246093750006
702.6845425796508,54.176372261047355
702.41689453125,56.156083984374995
702.2153955078124,58.14070068359375
702.04,60.125271797180176
701.6654598617554,62.074934196472164
701.258328704834,64.04593307495117
700.9373022460937,66.01326904296874
700.7554295349121,67.99485397338867
702.0961485290527,69.4713688659668
703.2295714950561,71.1121180343628
704.0995823669434,72.91598922729492
704.6491653060913,74.83487957000733
705.8891566467286,73.6230793762207
707.3396640396118,72.24404560089111
708.9244577407836,71.03409809112549
710.6526129150391,70.02185852050782
711.383410949707,68.42690246582032
711.6165857696533,66.42790359497072
711.9210765266419,64.46037830352783
712.3033777618408,62.50613601684571
712.7730280303955,60.549318389892576
713.3252041816711,58.632563056945806
713.9688697052002,56.73957107543946
714.7087631416321,54.873972969055174
715.5414492988587,53.0563032913208
716.4693664550782,51.28843017578125
717.5161529636382,51.1883010482788
718.624955368042,52.85743305206299
719.579371242523,54.606630519628524
720.5753268623353,56.34389401555062
721.3070718669891,58.19816594123841
721.9636199951171,60.08109191894531
722.7297880554199,61.9333332824707
723.6084220886231,63.73343948364257
724.6001506328583,65.46242970466614
725.7179359054566,67.1241481399536
726.9614526367188,68.70067626953124
728.8622048187256,69.11009239196777
730.8686605834961,69.19144134521484
732.8561117553711,69.01287689208984
734.3937086200714,67.95817326307296
735.5947529983521,66.35784770011901
736.7498995685578,64.7103962779045
737.8432039356231,63.03295092344283
738.8722833251953,61.32511764526367
739.8443452930451,59.56831988096236
740.7369054031373,57.79837649345397
741.5658912372588,55.97838444471359
742.3262837600709,54.107513837814324
742.9942296218871,52.24112551689147
743.5884870910644,50.32301616668701
744.0948353958129,48.390371046066285
744.5132745361327,46.44319015502929
744.8466098499298,44.46216902494431
745.0883688068388,42.4857740855217
745.2432917785644,40.47525249481201
745.3081592273711,38.489376895427704
745.2868327713012,36.48924914360046
745.1807994461059,34.49488345146179
744.990270576477,32.486546430587765
744.7215747070312,30.504821166992187
744.880546875,28.532109375
745.0764451408386,26.538287868499758
745.20388671875,24.54021484375
745.2573653984069,22.541357173919675
745.2312390136718,20.545267333984377
745.1197294425964,18.555583400726317
744.9141340446472,16.554107875823973
744.6129489135742,14.589141540527343
744.2033232879639,12.621421737670897
743.6876280021668,10.696809597015381
743.0555742645264,8.7981063079834
742.0588696289062,7.32
742.1410305786134,5.817207870483398
#
771.105204080455,7.2525391260907055
769.3566991776228,8.203331186175344
767.6115876740218,9.20587562739849
765.9151043772697,10.237910945415496
764.2364525675773,11.321908671855926
762.5820555990936,12.459700219035149
760.9734711146355,13.641805942058564
759.4010175395013,14.881091563701629
757.8716320961713,16.179535009264946
756.4050167918205,17.527127559185026
754.9942592310906,18.937524478435517
753.6359156298638,20.425369994640352
752.3602902507781,21.968052167892456
751.172607421875,23.567060546875002
750.0699443644285,25.237187907099724
749.067763671875,26.967216796875
748.1779665446282,28.74491434812546
747.3924592512847,30.599225117564202
746.7331994152069,32.48953127861023
746.203723602295,34.401215057373044
745.796009451747,36.363241359591484
745.5161880034209,38.34610603034496
745.361432981491,40.34900324821472
745.3285258769989,42.33976313591003
745.4103401827812,44.33197991132736
745.6014802813529,46.324115188121795
745.8966361999512,48.3146549987793
746.2831756472588,50.26874542951584
746.7600277590752,52.217333381176
747.311562678814,54.124710280895236
747.9403922653198,56.02287303924561
748.6418060588836,57.910478620529176
749.3959205150604,59.75060564994812
750.2105147242546,61.57672430753708
751.081220805645,63.3875892329216
751.9939967459441,65.1635706871748
753.2751011194289,66.65832507193089
754.7977831692994,67.94301584541797
756.3285901756585,69.23456166565418
757.8571386130154,70.52420192539692
759.4249550819396,71.75658770561219
761.1725986480714,72.7533210372925
762.9803313636779,73.58591616630554
764.8650144386291,74.2308573436737
766.8226138305663,74.6497135925293
768.8102060699462,74.80186107635498
770.8061234283448,74.66502544403076
772.7710959625243,74.23338878631591
774.6313101959229,73.5403422164917
776.408382358551,72.60766947746276
778.0689791297913,71.4861088848114
779.7926773643494,70.51057315826415
781.5692903900147,69.60060440063477
783.2605374717713,68.5272845840454
784.8302257347107,67.28803379058837
786.2487857627868,65.88527042388915
787.4937341308594,64.32676025390626
788.5499509239197,62.62582584381103
789.40208984375,60.8203515625
790.0611406517029,58.91863071441651
790.5253696250916,56.993552894592284
790.8267139577866,55.00738755226135
790.5225772619248,53.04015593767166
790.0104256200792,51.10790717363356
789.3231763601303,49.2251766705513
788.44552734375,47.429814453125
787.3665942907334,45.75509200334548
786.0697939109803,44.218195772171015
784.5982894134521,42.88434925079345
782.9563245534897,41.74915433168411
781.1777348470688,40.82152749300003
779.3071175384521,40.09923206329346
777.3815971899032,39.56578452348708
775.423698348999,39.19784107208251
773.4350887298584,38.97168201446533
771.4327433538438,38.86971492052078
769.432821135521,38.875193150043486
767.4506648826598,38.97221585273742
765.453440170288,39.15082904815674
763.4741583824158,39.39881199836731
761.7806657314301,40.10898565292358
760.9211401367187,41.905759277343755
760.4932487487793,43.86854232788086
760.3992716979981,45.86027816772461
761.6209375,46.467736816406244
763.3343066406248,46.9644677734375
764.7906250000001,48.3484375
766.1261718749998,49.7519140625
767.9854544997215,50.48258703589439
769.6806511235237,51.549464513063434
771.3685309958457,52.61173716902733
772.9195837402344,53.869859161376944
774.5734375,54.9886328125
774.125178604126,56.08666229248047
772.4149698638917,57.13708709716797
770.6040624999999,57.95875
768.6888516235351,58.518280029296875
766.7033744239807,58.779054489135746
764.7097521972655,58.7299560546875
762.7352599525451,58.38900016784668
761.6408401475846,56.782918304353956
760.6374309444427,55.04530724525451
759.9291882681847,53.18187276601791
759.3543554854392,51.26798129796982
758.8807188415527,49.33187240600586
758.5161661887169,47.35822751760483
758.2771605086326,45.3698207449913
758.1754601073264,43.38798576116562
758.220989396572,41.38029392004013
758.422568359375,39.402646484375
758.7919063472748,37.423161306381225
759.3258370590208,35.494069786071776
760.0177492880821,33.63108136892319
760.8714763545989,31.817636098861698
761.868299176693,30.08346994161606
763.0000614070891,28.426085653305055
764.2347810339927,26.871158463954927
765.5834463405608,25.3865854549408
767.0095361304283,23.9966520857811
768.5297126674652,22.670992650985717
770.0864103603363,21.445183019638066
771.9591580200196,22.142472381591798
773.8488588142395,22.77479121208191
775.7688397979736,23.292220878601075
777.7419910430908,23.679047355651853
779.7251990509033,23.902999992370606
781.6505786132813,23.711691894531253
783.3210423660278,22.601172065734865
784.8996997070313,21.37940673828125
786.3681916809082,20.02702102661133
787.6992852783203,18.522219848632812
787.3710107421874,16.61380126953125
786.6762548637389,14.751623888015745
785.7187841796875,12.99499267578125
784.4841251945495,11.414421205520629
783.0062407684325,10.08577625274658
781.3030099487305,9.018300323486327
779.4619973564148,8.232340898513794
777.5387499999999,7.698124999999999
775.5708212089539,7.376755876541138
773.5673391532898,7.231017656326293
771.5834840202331,7.231517305374146
#
