397.3141020506621,7.291484815478325
395.3932365417481,7.838478240966797
393.5138582897186,8.5113929271698
391.6940966320037,9.319780683517456
389.92854868888855,10.285992994308472
388.2679011058807,11.401312208175659
386.7286624979972,12.66702107191086
385.3244281291962,14.081773557662963
384.0657822799683,15.64150676727295
382.97064132690434,17.32154708862305
382.04777153730396,19.08896458387375
381.4074330425263,20.936841688156132
382.16043640136724,22.799035034179692
383.1808838939667,24.50592547416687
384.516591796875,25.987294921874998
386.1595771408081,27.136147270202635
388.0138641357422,27.879728393554686
389.96754638671877,28.23990966796875
391.9724534225464,28.28742931365967
392.63840148925783,29.357581787109375
392.40328124999996,31.338437499999998
392.30227844238277,33.33842163085937
392.34,35.33566570550204
392.34,37.35234939575196
392.34,39.334023755677045
392.34,41.346390361785886
392.3399999999999,43.34326438994613
392.34,45.34866452362389
392.34,47.33919008176774
392.34,49.34988673448562
392.3664390563964,51.340558166503904
392.3512280273437,53.3372119140625
392.2751019287109,55.33846313476562
392.1252087020874,57.33954566955566
391.88522323608396,59.32857574462891
392.0858386230468,61.29480590820312
392.19405876159664,63.28902839660644
392.01853729248046,65.28353790283204
392.0405992126465,67.2336505126953
392.29320739746095,69.22823486328124
392.3525222396851,71.22254592895507
393.63332903861993,71.54821531295777
394.95943720817564,73.03771009445191
396.5420847702026,74.24771537780761
398.4395862865448,74.80692548751831
400.3343644332886,74.284457321167
401.8521977233887,72.99233856201171
403.0363934326172,71.38412963867188
404.00707392692567,69.63634290695191
404.8399367809296,67.80315504074098
405.3,65.8995115196705
405.3,63.900589350461956
405.1893375957012,61.90489182949066
404.89815788269044,59.91801849365234
405.1918421173096,57.998111419677734
405.3,56.02153594970703
405.32858871459956,54.02132053375244
405.64373519897464,52.051655006408694
406.0045174884796,50.0827253818512
406.3495254993438,48.110001764297486
406.6199815750122,46.13307682037354
406.8021526050567,44.13764901161194
406.87338306427,42.129849891662595
406.80435989379885,40.13361587524414
406.79733020782464,38.14847045898436
407.39063186645507,36.2381787109375
407.89664952278133,34.29951751708984
408.30185749053953,32.34930053710937
408.6000370502472,30.36586273193359
408.77544754028315,28.378764648437496
408.81808673858643,26.379652099609373
409.642021446228,25.041944046020507
411.5185250759124,24.36146318435669
413.2741622543334,23.40473762512207
414.82137396812436,22.139147968292235
416.0648069667816,20.580303211212158
416.9511712646484,18.795010986328123
417.49002529144286,16.863265457153318
417.72621761322023,14.874694290161132
417.0602164936066,13.223110828399658
415.4429136371612,12.042552967071533
413.74854690551757,10.954197082519533
412.01378681182865,9.99157844543457
410.1986408710479,9.14262315750122
408.3207841873169,8.428363723754883
406.4089276051521,7.866147656440734
404.4524907302856,7.456718215942383
402.4610358905792,7.20590929031372
400.46555066108704,7.116359729766845
398.4667985916138,7.183136672973633
#
431.5955662631988,7.255584535598755
430.2931935119629,8.761562042236328
428.8422784805298,10.135774421691895
427.23074478149414,11.308908233642578
426.7932153320313,13.134802246093749
426.53667236328124,15.121423339843748
426.1158589172363,17.072195892333983
425.9493310546875,19.052338867187505
425.4627416229248,20.98333061218262
425.00710937499997,22.934443359375003
424.87557006835937,24.92315414428711
424.4971535491943,26.880194473266602
424.2559213256836,28.871849670410153
423.92130859375004,30.84228515625
423.61,32.80372038841247
423.27401062011717,34.75197570800781
423.09230651855466,36.746570434570316
422.7559303283691,38.68534698486328
422.35933853149413,40.65028839111328
422.178134765625,42.630584716796875
421.88600870132444,44.61460757017136
421.5927484130859,46.59078002929687
421.2721604919434,48.56011444091797
420.90808044433595,50.53863159179687
420.49630599975586,52.49551483154296
420.0225,54.435
419.46447692871095,56.35845581054687
419.45840340495107,58.33154561758042
419.5638805019855,60.33785465478897
419.66898966774346,62.33716516941786
419.773657322973,64.32807759016752
420.1913134765625,66.22557861328126
420.555,68.19
420.96304496288303,70.15186879754066
421.38822864532466,72.09754630088806
422.17592590332026,73.38464050292967
423.9972192382812,72.55973388671875
425.572548828125,71.43199401855469
426.30486689791087,69.58276468649507
427.1677915370464,67.76307925343514
428.0239272757806,65.95770985981449
428.8769120967388,64.15898493885993
429.7345871455967,62.350369537323715
430.5907010710239,60.54504614233971
430.8520499420166,58.604497985839835
431.46629323959354,56.70925592660904
431.8297542393208,54.74363433599472
432.14470103606584,52.77466625005007
432.4607172505558,50.79901243358851
432.77763644084337,48.81771343976259
433.3792272186279,47.42420776367187
435.2380322265625,48.1466259765625
437.08138847351074,48.90862716674805
439.0030504608154,49.46525680541992
440.92624015808104,49.98541549682617
442.8802629852295,50.468583221435544
444.8340550994873,50.89547897338868
446.7947966766357,51.25184982299805
448.55,51.719530229568484
448.84087955474854,53.670525283813475
449.464963722229,55.567607192993165
449.9734120178223,57.49810943603515
450.32653457641595,59.47613189697265
450.382265625,61.46015625
450.37966529846193,63.457735748291014
450.47777887344364,65.46394809722901
450.68642211914056,67.45607666015626
451.0152973365783,69.4273236465454
451.4743943023682,71.37068984985352
452.07399026870723,73.27897464752198
452.85343872070314,74.88406677246094
454.10332986116407,73.33327591300011
455.3647048258781,71.76823660492897
456.57234924316407,70.19760803222657
457.189072265625,68.281337890625
457.9810761260986,66.46311698913576
459.00611434936525,64.74479386329651
459.5784886646271,62.83674795150757
460.136708984375,60.92543212890626
461.1084161376953,59.17411987304688
461.7362036132813,57.28730712890625
462.0550512695312,55.320607910156255
462.5614379882812,53.39410400390625
463.2767357635498,51.52510345458984
463.96109933033586,49.63669917404652
464.6394451904297,47.76489990234376
465,45.82841236114501
465,43.81483086705208
465,41.824540529251095
464.3312612915039,39.95964736938477
464.1192622375488,38.00120753288269
464.5199999999999,36.04924621582031
464.70703125,34.067392578125
464.968095703125,32.07992492675781
465,30.092119522094727
465.06717666625974,28.091410980224612
465.38003906250003,26.1246484375
465.4700000000001,24.11272735595703
465.47,22.122802734375
465.47,20.119450674057006
465.47,18.123318771868945
465.47,16.119020623806865
465.47,14.120935077350588
465.47,12.125022431463004
465.129298248291,10.284495105743408
463.4803228759766,9.152175369262695
461.70030776977535,8.253779010772705
459.77726623535153,7.747252273559571
457.7933111572265,7.876308670043945
456.00658706665035,8.76157564163208
454.6052980041504,10.17289888381958
453.532891998291,11.857634754180907
452.696554107666,13.684401111602781
452.79014460563667,15.44403525352478
453.9220499420166,17.068398818969726
454.19,19.02
454.00424355506897,20.983317070007324
453.781580324173,22.943140296936033
453.84579884529114,24.929781227111818
453.84753650665283,26.925771636962885
453.7810823059082,28.92665588378906
453.6405589008331,30.92784854888916
453.4222344970703,32.90707275390625
453.1159837818146,34.89515964508057
452.7207934570313,36.852587890624996
452.2278643798828,38.79185791015625
451.25698543786996,40.09027090668678
449.273499660492,39.80430823326111
447.28740928649904,39.53114288330078
445.31710411071776,39.26763702392578
443.42878562927245,38.78
441.55677820920937,38.206603890657426
439.721796875,37.4114453125
437.8602483141422,36.66796628236771
436.00146453261374,35.9307940363884
434.89,34.67998804688454
435.14348846435547,32.72095138549805
435.5992370605469,30.78025573730469
435.87038330078127,28.785847778320313
436.18171203613286,26.817783966064454
436.42342595100405,24.850309247970582
436.76,22.928754348754886
437.02527078628543,20.956263344287873
437.3725463867187,18.973962402343748
437.8083305358887,17.032178802490236
438.1237064743042,15.056351890563965
438.29635478973387,13.057244834899903
438.30358104705806,11.064223289489746
437.80781860351567,9.22936279296875
436.2028787994385,8.052181854248047
434.33740875244143,7.332018432617187
432.3485294342041,7.25
#
487.03723854064947,13.004805374145507
486.03896735191347,14.7419544506073
485.04573219299317,16.470340042114255
484.0473405878246,18.207698662132024
483.1197521972656,19.959507446289063
482.4834962758422,21.86114229664206
481.84937172520904,23.756406928915528
481.21529716018586,25.65152216473594
480.57762321587654,27.557395186629147
479.9418124961853,29.457699422836303
479.3079802080989,31.352090543955565
478.5186575508117,33.11247314453126
476.80825071334834,34.15006591796875
475.1016913032532,35.185324707031256
474.0513852059841,36.77628643631936
473.3067853069305,38.65234539985657
472.8113684082032,40.52763145446777
473.01686264038085,42.518356828689576
473.2229165458679,44.514504038095474
472.431865272522,46.333626899719235
471.5799661636352,48.14541065216064
470.7605664157867,49.963653306961056
469.96954074859616,51.799787483215326
469.2129672622681,53.642115364074705
468.4872320556641,55.502000122070314
468.0431978447735,57.44171427026391
467.90034240590415,59.43417170712724
467.75760508732867,61.42498167673126
467.61413194866856,63.42605440014974
467.471065530777,65.4214544391632
467.32765411272646,67.42166632249952
467.18541020512583,69.40559450745583
468.24211063385013,70.99724544525147
469.7097120666504,72.35802474975586
471.3606723403931,73.49348354339598
473.18174377441403,74.31053161621094
474.7565521633625,73.52140005663037
476.1638280546665,72.1111426486075
477.5774798870087,70.69449579119683
478.69633062765,69.10363819286228
479.2433260345459,67.17681114196778
479.79028594190254,65.25010914051906
480.3320816425979,63.34159839436412
480.8795571911521,61.413080013114964
481.4282503339089,59.48027257675305
481.9721875421517,57.56421823037788
482.51694294929507,55.64528172492981
483.95481883928176,54.681908543705944
485.9166293118895,54.28775484144687
487.87436238646507,53.894420342445365
489.8402213764191,53.49945323944092
491.8124817621708,53.10320001125336
493.65544757843014,52.818748960495
493.3392677021027,54.79764105558395
493.0413116455078,56.779805145263666
492.7684581375122,58.75750864982604
492.528624458313,60.74264834403992
492.3400323486328,62.73850387573243
492.2481513977051,64.74186016082763
492.470205078125,66.71528076171874
493.52110441565515,68.17311022669077
494.27250124931334,70.01228503465651
495.03113030433656,71.86916196584701
495.78556367754936,73.71576923400164
496.5645596313477,75.32542602539063
497.634608707428,73.63460914611817
498.6657328224182,71.9135001373291
499.6471874856949,70.17637994766235
500.5849021339417,68.40882972717284
501.47592779636386,66.61076501846313
502.3108945703506,64.7965061378479
503.0882920074463,62.966009826660155
503.8173017311096,61.09036170959473
504.47878082275395,59.21277954101562
505.08133949279784,57.3043325805664
505.621812992096,55.36493019104003
506.0905361938477,53.42347290039062
506.4902018594742,51.46544916152954
506.8170423316956,49.50533973693848
507.0742733621597,47.514059391021725
507.25650543212896,45.520631103515626
507.36373854160314,43.525054874420164
507.39597269058225,41.52733070373535
507.3532078790665,39.52745859146118
507.2354441070556,37.52543853759766
507.04436012268064,35.53590728759766
506.78158625125883,33.55891153335572
506.4459871864319,31.57983009338379
506.04414511203765,29.62802881240845
505.571619644165,27.674203186035157
505.0414428138733,25.762492446899415
504.4437353515625,23.84884765625
503.7892431640625,21.96275390625
503.0751606607437,20.089542179107667
502.3093881988525,18.244027404785157
501.4880532836914,16.411510009765625
501.5403775405884,14.522579866647721
502.03651611328127,12.574202346801759
500.89255748748775,11.344968757629395
499.19894577026366,10.302487335205079
497.56921874999995,9.138281249999999
496.0552848815918,7.836792755126953
494.480655477345,8.02789139866829
492.8271767356992,9.132804251909256
491.1530581824109,10.25150935575366
489.49855218172075,11.357108659744263
487.8244238281251,12.4758203125
487.8145401115716,40.78478148818016
488.58555107116695,38.945176391601564
489.3582459926605,37.10155342102051
490.1375390625,35.2421875
490.91074768066403,33.3973388671875
491.5812618255615,32.93699958801269
492.07746793610966,34.87241822699085
492.5753018049895,36.81418582811952
493.072667440027,38.75412711456418
493.56549915432925,40.67638414740563
492.28043248414997,41.35572689414025
490.30185916185377,41.51589711546898
488.2992741814256,41.67801113769412
#
549.5887109375001,5.314938917160034
548.9299999999998,7.187499999999999
547.5021505355835,8.527849464416503
546.3791883850098,10.15161376953125
545.2015777587891,11.754267578124999
543.6891006851197,13.067815551757812
542.3863722610473,14.498064203262329
541.4805981445312,16.268205566406248
541.6857348632811,18.14247436523437
541.828095703125,20.1470068359375
541.5463469409942,22.123573039770125
541.1885424041748,24.087432031631472
540.8292791748047,26.059297256469726
540.2751635742187,27.96418212890625
539.8588198852539,29.92214988708496
539.48,31.86342864990234
539.1169896984101,33.82204120635986
538.6334224700928,35.75631011962891
538.0216938781738,37.657777557373045
537.4801098632812,39.587370605468756
537.0554815673828,41.53228698730469
536.5122857666015,42.41342864990235
535.6749804687499,40.61763916015625
534.9737304687499,38.75295166015625
534.2186722248792,36.89295650288463
533.5469192266464,35.02867229819298
532.8669366532564,33.14154894426465
532.1871062040328,31.25484777331352
531.5105145597458,29.377135103940965
530.8309384965897,27.49113991856575
531.2486029052734,25.619729423522948
531.7865032958985,23.70223735809326
532.109365234375,21.73064147949219
532.1837835693359,19.72784252166748
531.8907141113282,17.790078125
530.1635379028319,16.78923828125
528.3223547363281,16.046328125
526.3681863403319,15.626738281249999
524.361057434082,15.59486328125
522.3994485473632,15.95814453125
520.7136181640625,16.9796875
519.1651428222656,18.24640625
517.7223596191405,19.64546875
516.5220947265625,21.218536987304688
515.7792791748047,23.06713478088379
515.32375,25.023124999999997
515.038454284668,27.009899444580075
514.8920886230469,28.99024719238281
514.8614574432373,30.995218696594236
514.2219311523437,32.84931640625
513.2465228271484,34.597446289062496
512.68,36.412392578125
512.5086246061325,38.40573286175728
512.2253604125976,40.38247711181641
511.9416407251358,42.36851492404938
511.63616024017335,44.34303855895996
511.25794921875,46.3038330078125
510.78559467315677,48.25083728790284
510.5036563110351,50.22440582275391
510.48,52.217246093750006
510.2445425796509,54.176372261047355
509.97689453125,56.156083984374995
509.7753955078125,58.14070068359375
509.6,60.125271797180176
509.2220932006836,62.074934196472164
508.8143466186524,64.031014213562
508.48818359374997,66.01326904296874
508.3054296875,67.99485397338867
509.6466796874999,69.4713688659668
510.781787109375,71.1121180343628
511.6548046875,72.91598922729492
512.20578125,74.81989929199219
513.4459660339355,73.6230793762207
514.8820890808106,72.25492507934571
516.4800089645387,71.03409809112549
518.2110418701172,70.02185852050782
518.9422734069824,68.42690246582032
519.170983610153,66.44889636993409
519.4768045330047,64.46037830352783
519.8577616500853,62.50613601684571
520.3262141036986,60.549318389892576
520.8773740673065,58.632563056945806
521.5202036666869,56.73957107543946
522.252013053894,54.89143508911133
523.0834477233886,53.07314270019531
524.0193963623046,51.28843017578125
525.0722006988526,51.1883010482788
526.1776397705078,52.84645965576172
527.1393712425232,54.606630519628524
528.1353268623352,56.34389401555062
528.8611993408203,58.184675903320304
529.5201153564452,60.08109191894531
530.2851203918457,61.9333332824707
531.1573446369171,63.72193509101867
532.1490199661255,65.45162006378175
533.2677029132842,67.11405117988586
534.5051112747192,68.68193012237548
536.4081249999999,69.10875
538.4001098632813,69.1919677734375
540.4086592102051,69.01287689208984
541.9442004656793,67.95817326307296
543.1460916423798,66.35784770011901
544.3020628237724,64.7103962779045
545.396158759594,63.03295092344283
546.4259953308106,61.32511764526367
547.3891630554199,59.58649826049805
548.2920299816132,57.79837649345397
549.1216675066948,55.97838444471359
549.8755646967888,54.126107165813444
550.5511852550507,52.24112551689147
551.1459675216674,50.32301616668701
551.6527910137177,48.390371046066285
552.0716557312012,46.44319015502929
552.405370452404,44.46216902494431
552.6474552798271,42.4857740855217
552.8015813326836,40.494843375682834
552.8677486109734,38.489376895427704
552.846597700119,36.48924914360046
552.7406902599334,34.49488345146179
552.5525625872613,32.50669895887375
552.2847256159782,30.525110614299773
552.440546875,28.532109375
552.6364451408386,26.538287868499758
552.7633280515671,24.55240506649017
552.8172769117356,22.553251357078555
552.7912390136719,20.545267333984377
552.6797294425965,18.555583400726317
552.4769226074219,16.576029052734377
552.1729489135743,14.589141540527343
551.7657669782639,12.63172158718109
551.2476280021667,10.696809597015381
550.6155742645263,8.7981063079834
549.63060546875,7.32
549.7056048202514,5.838103837966919
#
561.3485551834108,10.515370388031007
560.8723907470703,12.449109802246095
560.500830078125,14.4229052734375
560.39,16.41788047790527
559.935625,18.351875
559.5833338928222,20.30755172729492
559.4622425842285,22.313359832763673
559.0800885009766,24.250687255859376
558.6920541763305,26.216250839233396
558.4363598632813,28.149492187499998
556.8176953125,29.324375
555.3834301757812,30.7213671875
554.2450065994262,32.36070495605468
554.676074000597,34.32085737109185
555.1090035343171,36.2576473903656
554.61578125,38.149296875000005
554.32703125,40.116171875
554.6086651611328,42.08685272216797
555.452705078125,43.91229980468751
555.4412463378906,45.82697853088379
555.090325088501,47.771470565795894
554.521994380951,49.6832830119133
554.2015379273892,51.65178829073906
553.955756444931,53.64418711662292
553.7816040039062,55.62772094726562
553.7456011962889,57.62684478759765
553.5522753906249,59.60959472656249
553.1652758789062,61.574713134765624
553.0136471176146,63.49338386535645
553.5057567977905,65.43026313781738
553.9071348571777,67.39371612548828
554.176083984375,69.37392578125
554.4603369140625,71.34267578125
554.8946215832234,73.29924250125885
555.813330078125,74.62359252929687
557.2694067382813,73.33196014404297
558.5192187499999,71.7906689453125
559.8179065704346,70.41674194335937
560.5910229492188,68.598427734375
561.4893119812011,66.82224548339843
562.4750106525421,65.09752078056334
563.1590576171875,63.220103149414065
563.9399401855469,61.38005752563477
564.7921139526367,59.572690162658695
565.6420147705078,57.791340026855465
565.8220800781249,55.7829248046875
566.131220703125,53.8194482421875
566.5878247070311,51.868367919921866
567.2016975402831,49.95925468444824
567.9774536132812,48.11804565429687
568.8854550933838,49.764048919677734
570.1795916748047,51.25802124023437
571.1105073642731,53.02175644874573
572.16048828125,54.67755859374999
573.3956262207031,56.25528686523437
574.5103137207032,57.90169311523437
575.4281188511848,59.68256040453911
576.210654296875,61.51766113281249
577.3187228393555,63.164282379150386
578.5403796386719,64.73586975097656
579.5261143493652,66.46520613670349
580.577587890625,68.086455078125
582.0495948791504,69.44073440551757
583.4326324462891,70.87400695800783
584.7124411392211,72.41779560089111
585.9983988189697,73.88634887695312
587.8674248337746,74.60718212485313
589.6270440673828,74.79162170410156
590.7567578125,73.1359765625
591.4442446422577,71.2554319190979
592.0715625,69.36687500000001
591.6120912170411,67.52574432373046
591.0101000976562,65.6120654296875
590.6485803222657,63.63726753234863
590.0458978271485,61.750660552978516
589.194457397461,59.93913589477539
588.401361694336,58.10514419555663
587.6893359375,56.229853515624995
586.5436157226562,54.694689941406246
585.5063903808593,53.000913009643554
584.4986352539063,51.38705322265625
583.5139212036133,49.65505257606506
582.3623817539215,48.01298004150391
581.2149863529206,46.37842681884765
580.1106604385376,44.71092407226563
579.0639242935181,43.00892211914062
578.0845326232909,41.2509228515625
577.214645729065,39.453726806640624
578.4579719734191,38.58516389131546
580.355591506958,37.945716905593876
582.2210572052003,37.19918484687805
584.0175811958313,36.34915076494217
585.7730506134034,35.368661928176884
587.4399475860596,34.26915173530578
589.0105995368957,33.04455453157425
590.4862551879883,31.679524421691895
591.8235222053528,30.205089390277863
593.0296859931946,28.610675919055936
594.089282913208,26.91672520637512
594.99948595047,25.137335407733918
595.7609414863587,23.289350616931912
596.38142578125,21.378918457031247
594.9430717468261,20.92062301635742
592.948369398117,20.969990034103393
590.9592987060546,21.123410034179688
588.9792234325408,21.387745923995972
587.0115812683106,21.770011444091796
585.0797087097167,22.271537322998046
583.1853800487518,22.895943555831906
581.3303880596161,23.646887845993042
579.5345637798309,24.518548917770385
577.7979072093964,25.51092677116394
576.1204183483123,26.624021406173703
574.2512923431398,27.324527797698977
572.3740554523467,28.01044127702713
570.87,28.157058868408203
570.9886008453369,26.180549774169922
571.34,24.211214370727536
571.6938856506348,22.27571566581726
571.8498675823212,20.311680927276612
572.2221402160824,18.3383756378293
572.5935938727856,16.369411499500274
572.964055057317,14.40570815771818
572.9726654052735,12.518683471679688
571.6819067001343,11.01250011444092
570.2021087646484,9.668165893554686
568.530615234375,8.546904296874999
566.7239202499389,7.720326652526855
564.7981492614746,7.201167449951172
563.3447489202023,8.515251079797745
561.9300417327881,9.929958267211914
#
632.3444754092396,7.180554422885179
630.359031791687,7.414235115051269
628.3917051386833,7.719683277606964
626.4180489611625,8.11099158525467
624.4894214153289,8.588865404129027
622.5807769298553,9.171487550735474
620.6922654342652,9.877046394348143
618.8739688396454,10.70533116340637
617.1264059901238,11.674795048236847
615.4802961349487,12.789408760070799
613.939817352295,14.070252227783204
612.5440239977836,15.509198677539825
611.3216308474541,17.09069918870926
610.2906142711639,18.79149640083313
609.4469361495971,20.608691596984862
608.7995390605927,22.494461870193483
608.3328687667847,24.437641792297363
608.0318496227264,26.427409486770628
608.4070672607421,28.377114868164064
609.058430662155,30.26422654151916
609.8956973338127,32.073384783267976
610.9146793746947,33.79016452789306
612.1058146953582,35.40287278175354
613.4433486247062,36.89149429559707
614.9033912277221,38.25161991119384
616.4707472109794,39.490974447727204
618.1306998729706,40.61703942298889
619.8533270263671,41.628472290039056
621.6383497142791,42.54196892738342
623.4547788882255,43.35672914743424
625.3245703959465,44.09469940423965
627.198937330246,44.747573328018184
629.1255899882317,45.34075866937637
631.055502166748,45.86607070922851
633.0003198242189,46.33414306640624
634.9521461939812,46.748990213871
636.3507421875,48.108754882812505
637.2610815429688,49.86863800048829
637.3934120559692,51.76334190368652
635.9741005325317,53.16251182556152
634.4844925403594,54.50594900131226
632.9370088577269,55.7734139251709
631.3299792194366,56.95901861190796
629.6617015457152,58.05676292419433
627.930441942215,59.06053457260132
626.1504770374298,59.95663625717164
624.304574098587,60.74834447860718
622.4242159748078,61.41859197616577
620.6707699584961,62.328063507080074
618.9162386322021,63.306458625793454
617.1033236694335,64.16383743286133
615.2399599456787,64.86919513702392
613.3030017089844,65.39658996582031
611.569816865921,66.27806656837463
609.794310798645,67.19992435455322
607.9908601760865,68.04057163238525
606.1301021194458,68.79228916168213
604.2331926345826,69.41800540924072
602.42125,70.1965625
600.8214697265626,71.39910766601562
599.37666015625,72.7824072265625
598.9308875399828,74.03081198930741
600.9230576825142,74.25071408271789
602.9001948285103,74.42479977607726
604.9068169903755,74.5543304157257
606.8954697448015,74.6334996342659
608.90911819458,74.66116516113281
610.9017478871345,74.63374943733216
612.9006714278459,74.548431122303
614.8897262120247,74.40274159431458
616.8807982254028,74.19253005981446
618.8581935596466,73.91605335235596
620.8331789189576,73.56820214509963
622.7905479145049,73.1479878616333
624.7162141346931,72.65615544319152
626.6455023670196,72.07973682403563
628.5278004956245,71.43058621406556
630.3860390973091,70.69909970283507
632.2184111499786,69.88248035430908
634.0013837361336,68.98939976692199
635.7560502934456,68.00741047859191
637.4498530369997,66.95376336336136
639.0936445617675,65.82270812988281
640.6970483112335,64.60659198760986
642.2311939549446,63.32837330818176
643.6979111027717,61.99088398933411
645.1164409947396,60.57880970954895
646.4783686333894,59.10167371034622
647.7097980308533,57.54613862037659
648.3656893920898,55.66286880493164
648.8764907073975,53.72493106842041
649.2075092124938,51.744487619400026
649.3220182943344,49.75200233697891
649.1879271459579,47.75872526407242
648.7808728027344,45.80837463378906
648.0871222448349,43.92335348367691
647.129609375,42.1659765625
645.9449533987045,40.55858364343643
644.5732914495468,39.10469255685806
643.0619690465927,37.80529409646988
641.4296340179443,36.63626224517822
639.7241522741317,35.59840536355972
637.9568668889999,34.67015825510025
636.14195153594,33.83775773584843
634.289098739624,33.08901157379151
632.4039294433594,32.41315490722656
630.501824105978,31.804795823693276
628.5833202171325,31.25495156288147
626.6456931829453,30.75578294992447
624.6832213401794,30.300501489639284
622.9283056259155,29.46983909606934
621.4495214843749,28.12474609375
620.168953704834,26.594578552246094
620.957790555954,25.025622739791867
622.3569404125213,23.609873914718627
623.9125174236299,22.351184568405152
625.6039045238495,21.291584119796752
627.4199041748047,20.450226440429685
629.3271952819824,19.842549285888673
631.2845247936249,19.467387495040896
633.2831869029999,19.306518354415893
635.2832700037957,19.340288474559785
637.272648150921,19.543316218852997
638.5660025024415,18.214715423583982
639.607486820221,16.5269735622406
640.4787072753908,14.719384155273438
641.0186096191406,12.799784545898438
640.9185514068604,10.821159324645995
639.8515100097657,9.154564819335937
638.1516271972656,8.131146850585937
636.23525390625,7.569990234375
634.2512256860733,7.285628335475922
#
